21482996
21659550
21675044
21702175
21707880
21709013
22059336
22317403
22518448
22700492
21516612
21610198
21619882
21622065
21744626
21781167
21811090
22051829
22070506
21478300
21656825
22005388
22203043
22204938
22213271
22551638
22688425
22725521
22728318
21469961
21611096
21879543
21939408
21943764
22174951
22283476
22444246
22601482
22670081
21485943
21514270
21602826
21727658
21730552
22107035
22173504
22173911
22354066
22611581
21515033
21698119
21887035
21945293
21958923
22008324
22200446
22210622
22248267
22313290
22462265
22517607
22727792
22736571
21463821
21496066
21527250
21611476
21624582
21763342
21933328
22003590
22211982
22450388
21479207
21523449
21664011
21861282
21880736
22159941
22198958
22500679
22502325
22514607
22580505
22624420
21467637
21656910
21726368
21863943
21890889
21943011
22053983
22057252
22064244
22499781
21621312
21876135
21900908
22021444
22091948
22182702
22182772
22515749
22670265
22703465
21484541
21657365
21767130
21874182
21934079
22135056
22243928
22282115
22339334
22565128
21614418
21637794
21697784
21836749
21948284
21970209
22150677
22157319
22167112
22247272
21530925
21699505
21732007
22022253
22036925
22200660
22205003
22338596
22682930
22745666
21475504
21528073
21725357
21731998
21734678
21741078
22124946
22395230
22513871
22693324
