21463412
21463540
21463678
21463795
21464001
21464055
21464610
21464793
21464879
21465006
21465088
21465189
21465343
21465380
21465658
21465816
21466122
21466428
21466459
21466616
21466744
21466795
21466802
21466916
21467122
21467212
21467304
21467426
21467468
21467915
21468077
21468339
21468447
21468471
21468557
21468812
21468817
21468962
21469022
21469279
21469295
21469368
21469442
21469469
21469480
21469765
21469800
21469866
21469873
21469888
21469961
21470322
21470438
21470648
21470654
21470858
21470935
21471218
21471648
21471968
21472078
21472304
21472427
21472530
21472860
21472875
21472902
21473256
21473366
21473385
21473405
21473545
21473607
21473693
21473813
21473911
21474018
21474040
21474193
21474233
21474296
21474607
21474621
21474721
21474765
21474806
21474856
21474935
21475221
21475227
21475281
21475310
21475321
21475778
21476060
21476153
21476183
21476185
21476247
21476542
21476582
21476619
21476706
21476747
21476754
21476779
21476864
21476971
21476981
21477204
21477333
21477372
21477415
21477427
21477507
21477528
21477572
21477646
21477736
21477893
21477899
21477926
21477961
21478021
21478625
21478649
21478886
21478978
21479006
21479064
21479246
21479247
21479383
21479388
21479488
21479763
21479949
21480062
21480100
21480115
21480150
21480380
21480670
21480698
21480767
21480832
21480910
21480997
21481475
21481798
21481866
21481946
21482031
21482035
21482063
21482189
21482341
21482375
21482417
21482555
21482850
21482905
21483611
21483615
21484214
21484712
21484914
21485141
21485372
21485407
21485469
21485617
21486033
21486045
21486100
21486103
21486137
21486223
21486644
21486669
21486789
21486945
21487396
21487582
21487738
21487758
21487802
21487822
21487997
21488147
21488170
21488202
21488221
21488504
21489028
21489667
21489780
21489807
21489819
21489969
21490001
21490087
21490102
21490146
21490306
21490312
21490423
21490440
21490470
21490489
21490537
21490584
21490601
21490635
21490732
21490826
21490875
21490988
21491088
21491153
21491299
21491382
21491425
21491432
21491456
21491958
21492092
21492098
21492099
21492130
21492181
21492249
21492260
21492321
21492322
21492408
21492436
21492497
21492502
21492589
21492740
21492748
21492852
21492897
21493069
21493166
21493225
21493990
21494781
21494990
21495396
21495428
21495792
21495841
21496161
21496262
21496559
21496923
21497076
21497249
21497398
21497544
21497568
21497658
21497665
21497721
21497876
21498043
21498084
21498169
21498241
21498656
21499240
21499276
21499646
21499951
21500023
21500081
21500092
21500115
21500357
21500399
21500400
21500462
21500752
21500962
21501204
21501491
21501805
21502099
21502121
21502319
21502394
21502525
21502670
21514509
21515226
21515264
21515344
21515381
21515384
21515663
21515761
21515838
21516239
21516355
21516924
21517016
21517195
21517240
21517276
21517883
21518047
21518060
21519154
21519212
21519230
21519363
21519913
21519954
21520097
21520227
21520413
21520418
21520490
21520578
21520952
21521224
21521251
21521386
21521770
21523121
21523413
21523561
21523711
21523842
21523897
21524260
21524691
21524778
21524855
21524915
21525006
21525058
21525075
21525084
21525096
21525553
21525780
21525845
21525975
21526179
21526247
21526298
21526335
21526614
21526778
21526912
21527025
21527197
21527232
21527287
21527367
21527437
21527538
21527905
21528108
21528136
21528153
21528214
21528290
21528295
21528467
21528531
21528982
21529055
21529092
21529139
21529193
21529276
21529813
21529892
21529923
21530354
21530355
21530433
21530478
21530507
21530649
21530797
21530819
21530830
21530870
21530895
21530946
21530975
21531047
21531050
21545792
21545800
21546137
21546143
21546820
21547107
21547463
21602672
21602928
21603194
21603227
21603458
21603578
21603761
21603826
21603942
21604067
21604210
21604290
21604392
21604683
21604736
21605102
21605224
21605402
21605532
21605565
21605773
21605911
21606018
21606150
21606329
21606529
21606782
21607107
21607426
21607523
21607826
21608345
21608350
21608474
21608618
21608768
21608989
21609016
21609400
21609491
21609638
21609840
21609954
21610270
21610334
21610452
21610753
21611096
21611442
21612654
21612713
21612752
21612985
21613410
21613533
21613695
21613927
21614409
21614496
21614540
21614558
21614586
21614696
21614758
21614919
21614985
21615257
21615567
21615731
21615900
21616557
21616830
21617424
21618422
21618711
21618820
21618972
21620238
21621419
21621459
21621684
21621690
21622015
21623124
21623179
21623181
21623705
21623834
21623917
21623980
21624092
21624256
21624867
21624890
21625027
21625553
21626345
21626920
21627135
21627548
21627570
21627985
21628065
21628550
21630716
21630832
21630866
21631211
21631618
21631776
21632895
21632940
21632990
21633130
21633173
21633308
21633927
21634366
21634894
21634916
21634945
21634955
21635012
21635241
21636640
21636728
21637038
21637290
21637571
21638566
21638863
21638872
21639200
21639339
21639634
21639816
21640737
21642465
21642469
21642759
21642786
21643238
21643278
21643450
21652645
21652806
21652879
21652923
21653059
21653119
21653355
21653701
21653894
21654069
21654501
21654681
21654716
21654737
21654932
21655103
21655347
21655348
21655471
21655488
21655876
21655888
21656193
21656875
21656953
21656979
21657130
21657177
21657287
21657300
21657306
21658211
21659122
21659173
21659220
21659258
21659547
21659728
21660181
21660207
21660464
21660632
21660915
21661172
21661185
21661657
21661761
21661764
21661879
21662244
21662304
21662322
21662524
21662656
21662687
21663079
21663179
21663241
21663262
21663530
21663855
21664118
21664199
21664249
21664634
21664805
21664857
21667122
21667217
21667558
21667701
21667842
21668254
21668391
21668411
21668453
21668611
21668818
21668943
21669301
21669391
21669655
21669691
21669762
21669928
21669968
21670047
21670186
21670205
21670283
21670927
21671024
21671362
21671615
21671681
21671854
21672164
21672219
21672237
21672549
21672646
21672652
21672763
21672769
21672804
21673010
21674080
21674216
21674270
21674471
21674479
21674512
21674743
21675043
21675168
21675633
21676252
21677015
21677289
21677315
21677318
21677323
21677368
21677565
21677793
21677882
21678263
21678750
21679044
21679178
21679207
21688765
21688899
21688918
21688987
21689006
21689019
21689048
21689284
21689328
21689343
21689372
21689731
21690013
21690113
21690268
21690703
21690837
21690847
21691435
21691808
21692012
21692226
21692369
21692433
21692973
21693172
21693269
21693690
21694167
21694176
21694244
21694264
21694594
21694740
21694957
21695012
21695242
21695429
21695894
21695932
21696210
21697034
21697367
21697375
21697450
21697506
21697516
21697658
21697821
21697908
21698048
21698233
21698270
21698354
21698734
21698919
21699262
21699474
21699609
21699763
21700071
21700108
21700537
21701201
21701248
21701334
21701553
21701764
21701789
21701822
21701905
21701923
21701993
21702226
21702729
21702741
21703072
21703180
21703868
21704105
21704659
21704778
21704996
21705070
21705252
21705494
21706002
21706081
21706340
21706723
21706960
21707108
21707137
21707384
21707588
21707662
21708052
21708336
21708377
21708407
21708702
21708802
21709311
21709355
21709381
21709569
21709815
21710015
21710080
21710657
21710881
21711037
21711049
21711218
21711329
21711394
21711415
21711595
21711698
21711808
21713259
21714825
21714862
21715049
21715712
21715741
21725400
21725482
21725489
21725675
21725821
21726395
21726766
21726899
21727056
21727312
21727395
21727438
21727564
21727582
21727604
21727705
21727714
21728215
21728242
21728366
21728500
21728695
21728795
21728936
21729380
21729984
21730132
21730511
21730675
21730988
21731016
21731027
21731959
21732128
21732434
21732470
21732674
21733104
21733405
21733620
21734221
21734222
21734243
21734290
21734443
21734509
21734512
21734767
21735351
21735436
21735469
21735587
21735668
21735959
21736079
21736100
21736179
21736246
21736272
21736487
21736620
21736955
21737708
21737853
21737927
21738147
21738419
21738836
21738884
21739193
21739300
21739428
21739459
21739490
21739512
21739614
21739616
21739637
21739829
21739866
21739881
21739909
21739915
21739940
21739952
21739987
21740044
21740098
21740154
21740200
21740265
21740384
21740400
21740452
21740492
21740499
21740599
21740622
21740638
21740650
21740697
21740910
21741551
21741693
21741818
21741860
21741901
21742761
21742940
21743096
21743245
21743324
21743596
21744140
21744474
21744475
21744892
21744974
21745713
21746111
21746174
21746569
21746578
21746591
21746713
21746719
21746793
21747090
21747118
21747441
21747470
21747689
21747784
21747790
21747890
21747900
21747914
21747943
21748294
21748568
21748691
21748898
21749016
21749111
21749657
21749686
21749930
21750018
21750188
21750208
21750264
21750754
21750982
21751338
21751476
21752122
21752289
21752310
21752322
21752443
21752852
21752965
21753453
21753476
21753981
21754031
21754258
21755195
21756194
21756359
21756599
21756841
21756872
21756904
21757017
21757147
21757410
21757652
21758052
21758452
21758755
21758827
21759220
21759370
21759380
21759651
21759787
21759956
21760089
21760142
21760324
21760406
21760489
21760726
21760885
21760934
21761144
21761275
21761486
21761679
21762555
21763843
21764182
21764727
21764985
21765608
21765798
21765928
21766268
21766465
21766825
21766931
21766977
21767308
21767553
21768048
21768286
21768334
21768564
21768592
21768881
21769032
21769037
21769278
21769753
21769827
21770079
21770131
21770343
21770739
21770804
21771130
21771869
21771891
21772063
21772270
21772295
21773938
21773951
21775224
21775345
21775463
21775560
21775819
21775842
21775892
21775904
21776006
21776095
21776248
21776359
21776413
21776419
21777631
21778848
21779066
21779504
21779586
21780022
21780633
21781335
21781338
21781867
21782793
21782908
21783039
21783288
21786277
21786849
21787372
21787455
21787849
21788002
21788140
21788691
21788817
21789319
21792446
21792501
21792691
21792738
21793239
21794159
21794894
21794948
21795598
21798842
21798935
21799461
21799681
21799723
21800131
21800411
21800747
21800750
21801509
21801866
21801965
21807525
21807689
21808683
21808786
21808949
21809035
21809181
21809273
21809573
21810225
21810479
21810498
21811043
21811122
21813880
21814229
21814477
21814500
21814665
21814739
21814946
21815049
21815327
21815984
21817121
21817424
21820453
21821839
21822473
21822680
21822816
21822895
21823132
21823181
21823336
21823338
21823460
21823545
21826925
21827010
21827370
21829848
21830416
21830487
21830745
21833504
21833702
21834181
21835024
21835048
21835090
21835590
21835596
21835721
21836156
21836250
21838093
21838709
21838982
21838998
21839862
21839977
21840110
21840122
21840727
21840835
21841034
21841574
21841595
21841694
21841874
21841956
21843584
21843627
21843982
21844483
21845730
21845732
21847562
21848896
21849728
21850038
21850309
21850953
21851321
21851554
21851813
21851872
21851977
21853824
21853861
21854562
21856995
21857297
21858051
21858799
21859652
21859687
21863415
21863918
21864087
21865227
21865556
21865565
21866107
21866652
21867098
21868452
21868577
21868617
21870015
21870167
21870940
21871397
21871789
21871800
21873201
21873488
21873816
21874095
21874236
21874659
21875369
21875663
21875822
21876284
21876686
21876882
21877177
21877837
21877943
21878671
21878877
21879543
21881201
21881482
21882205
21882325
21882452
21882453
21882497
21882602
21882771
21882914
21883054
21883187
21883424
21883517
21884340
21884461
21885464
21886062
21886401
21886421
21886555
21886698
21886933
21887122
21887476
21888026
21888122
21888897
21889155
21889602
21889984
21890089
21890109
21890414
21890808
21890907
21890943
21891112
21891485
21892866
21893349
21893853
21893903
21893971
21894153
21894278
21894643
21894789
21895366
21896020
21896609
21897188
21897478
21899023
21899270
21900794
21900798
21901122
21901543
21901792
21902156
21902430
21902569
21902702
21902771
21903682
21904348
21906290
21907493
21907863
21908497
21909975
21911656
21912412
21912440
21917649
21917742
21918011
21918226
21918856
21919110
21919821
21920133
21925694
21926071
21927057
21927189
21927341
21927484
21927576
21932817
21932945
21933109
21933251
21933894
21933940
21934904
21935234
21936204
21936638
21937896
21938083
21938363
21938524
21939062
21939345
21939408
21939569
21940304
21941431
21941575
21942067
21942308
21942348
21942502
21942673
21943454
21943594
21943764
21943854
21945161
21945277
21945530
21945801
21946021
21946863
21947094
21947504
21947687
21948047
21948180
21948814
21948891
21949921
21950001
21951069
21951687
21951710
21952097
21952411
21954553
21954716
21955090
21956546
21957771
21957920
21958077
21958679
21959840
21960088
21960099
21960251
21960418
21960590
21960688
21961010
21961254
21962622
21962737
21963052
21963387
21963424
21963516
21963627
21963675
21963706
21963914
21964522
21964591
21964622
21964638
21964729
21965045
21965309
21965394
21965809
21965850
21966107
21966408
21966460
21966774
21967050
21967437
21968934
21968936
21969069
21969320
21969664
21970028
21970099
21970162
21970367
21970444
21970652
21971014
21971064
21971535
21971648
21971855
21972520
21973022
21973469
21973572
22000666
22000817
22000893
22000951
22001454
22001518
22001651
22001763
22002109
22002391
22002633
22002634
22002885
22002923
22003033
22003291
22003363
22003796
22004182
22004197
22004645
22005077
22005082
22005227
22005346
22005357
22006188
22006679
22006739
22006835
22008885
22009473
22009480
22010401
22010423
22011035
22011064
22011508
22012043
22012109
22012618
22013126
22013316
22014183
22014367
22015478
22016079
22016158
22016376
22016472
22016593
22016652
22017044
22017091
22017126
22017215
22017281
22017348
22019900
22020613
22021570
22022393
22022664
22023429
22023717
22023999
22025741
22025748
22026127
22026295
22026400
22026888
22027840
22028041
22028099
22028153
22029694
22031284
22036833
22037972
22038648
22038668
22039907
22040079
22040562
22040716
22041426
22041922
22042011
22042607
22043903
22043934
22044280
22044349
22044520
22045388
22045639
22045717
22045897
22046972
22047900
22048453
22048784
22049157
22049477
22049855
22049992
22050148
22050491
22050684
22050818
22051176
22051413
22051771
22052181
22052326
22052524
22053353
22053645
22054556
22054761
22056152
22056424
22056434
22057006
22057106
22057551
22057587
22057647
22057958
22058240
22058385
22059387
22059579
22059947
22060144
22060210
22060376
22060440
22060933
22061450
22061512
22061761
22062295
22063254
22063304
22063403
22063524
22063774
22064051
22064404
22064718
22065186
22067211
22068107
22068152
22069585
22070335
22070512
22071822
22072263
22072304
22073055
22073316
22073324
22073534
22073838
22074033
22074230
22074308
22074819
22076597
22076833
22076877
22076882
22076888
22077081
22077411
22077543
22077655
22077922
22077987
22078352
22081373
22081480
22081801
22082374
22082607
22082881
22083233
22083300
22083425
22083512
22083795
22084230
22084895
22085201
22085320
22085544
22085640
22085702
22086295
22086483
22086540
22086548
22086737
22086946
22087428
22087584
22087631
22088072
22089044
22089111
22089255
22089335
22089597
22089733
22089771
22089881
22090068
22090463
22090657
22090720
22091590
22091831
22092096
22093871
22095008
22095357
22096974
22097113
22097206
22099700
22099718
22100153
22100921
22101937
22102006
22102282
22102773
22103048
22103067
22103183
22103809
22103823
22104519
22105226
22105803
22105891
22105901
22105920
22105987
22105992
22106023
22106239
22106460
22106590
22106604
22106929
22107083
22107167
22107389
22108387
22108721
22110519
22110685
22110865
22111436
22111941
22112523
22112620
22112676
22112711
22113427
22113466
22113721
22113723
22113998
22114215
22114312
22114329
22114562
22115043
22115602
22115641
22115846
22115964
22116598
22116704
22116828
22116903
22117618
22117688
22117839
22117975
22118020
22118318
22118749
22118877
22118901
22119030
22119093
22119139
22119156
22119179
22119328
22119438
22119551
22119655
22119830
22119893
22120063
22120075
22120305
22120842
22120853
22121277
22121529
22121660
22121701
22121779
22122108
22122125
22122227
22122272
22122285
22122469
22122931
22123089
22123191
22123249
22123365
22123514
22123698
22124058
22124066
22124654
22124965
22125073
22125215
22125253
22125433
22125689
22125710
22126068
22126174
22126247
22126369
22126798
22126884
22127076
22127209
22127543
22127627
22128323
22128494
22128707
22129166
22129443
22129721
22130020
22130457
22130508
22131548
22131588
22131787
22132100
22132109
22132172
22132292
22132328
22132521
22132548
22132867
22133879
22133880
22134111
22134383
22134779
22135343
22135490
22135783
22135969
22135976
22136032
22138085
22138986
22140784
22141676
22142357
22142955
22143767
22144281
22144710
22144779
22145372
22145386
22145512
22145537
22145561
22145576
22145612
22145738
22145766
22146255
22146731
22147093
22147422
22147602
22147803
22148317
22148588
22148940
22149273
22149352
22149425
22149539
22149607
22149610
22150034
22152028
22153342
22153466
22153535
22153657
22153681
22153940
22154067
22154194
22154263
22154456
22154509
22154904
22154925
22155551
22156276
22156588
22157154
22157263
22157327
22157362
22157521
22158310
22158498
22158927
22159526
22159586
22159659
22159709
22160581
22161639
22164128
22164154
22164748
22164945
22165185
22165755
22165783
22165893
22166449
22166510
22166580
22169643
22170853
22171441
22172446
22173161
22173606
22174161
22174225
22174389
22174764
22174951
22175601
22175653
22178146
22178260
22179383
22179703
22180271
22180449
22180561
22181025
22181083
22181604
22181618
22181630
22182264
22182813
22182857
22182913
22183411
22183641
22184225
22184468
22184735
22185797
22185802
22186531
22186666
22187576
22187713
22188034
22188396
22188696
22189353
22189543
22189901
22190126
22190162
22190703
22191211
22191309
22191667
22191922
22192049
22192331
22192944
22193049
22193073
22194835
22194972
22195641
22196171
22196328
22198247
22198673
22199072
22199165
22199262
22199364
22199377
22199768
22201633
22202664
22204434
22205214
22205459
22205515
22206193
22206830
22206887
22206907
22207589
22207692
22207803
22209554
22209575
22209727
22210181
22210475
22211870
22213670
22237825
22237839
22237843
22239356
22239708
22241980
22242299
22242350
22243051
22243099
22243418
22243456
22243567
22243678
22243941
22244088
22244365
22244460
22244473
22244699
22245290
22245333
22245404
22245532
22245575
22246205
22246213
22246290
22246442
22246703
22246737
22246854
22246894
22247474
22247645
22248121
22250198
22250310
22252197
22252212
22275014
22275062
22275488
22275594
22276417
22276521
22276576
22276581
22276728
22277111
22277161
22277353
22277456
22277682
22277871
22280309
22281268
22281453
22281690
22281910
22282105
22282363
22283476
22283527
22283604
22287909
22288150
22288212
22288934
22289005
22289340
22313327
22313580
22313820
22313966
22314431
22314778
22315506
22315567
22315893
22316631
22317036
22318163
22318715
22319013
22319303
22323224
22337287
22337621
22338314
22338555
22338898
22338899
22338986
22339062
22339066
22339551
22339901
22340466
22340745
22341147
22341217
22341340
22341384
22341514
22341587
22342045
22342084
22342252
22342550
22342561
22342682
22342800
22342847
22342979
22343084
22343092
22343365
22344188
22344312
22354104
22359931
22361215
22361256
22362067
22365547
22370121
22371270
22372524
22372618
22373753
22373928
22380329
22384996
22385041
22396376
22398904
22399063
22399121
22399329
22414281
22415431
22416794
22429340
22429346
22429361
22431679
22431789
22431811
22439353
22439363
22439381
22440574
22444246
22444536
22444728
22444877
22445072
22445279
22445429
22445518
22445567
22446460
22446556
22446780
22446835
22446899
22447286
22447398
22447416
22447535
22448190
22448299
22448814
22449027
22449108
22449153
22449231
22449741
22450209
22450657
22450879
22451319
22451927
22452150
22452358
22452586
22452588
22453153
22453249
22453381
22453579
22453790
22453819
22454014
22454364
22454398
22454421
22454612
22455449
22455885
22456163
22456168
22456222
22456335
22456391
22457327
22457471
22457640
22457771
22458677
22458775
22459235
22459325
22459600
22459601
22460199
22460793
22460845
22461719
22462217
22462525
22462728
22462774
22462805
22462809
22462874
22463215
22463286
22463331
22464131
22464774
22465451
22466607
22467109
22467918
22467935
22469165
22469341
22469573
22469651
22469845
22469919
22469963
22470058
22470845
22471059
22471197
22471199
22471213
22471217
22472790
22474502
22475966
22476009
22476399
22476629
22476818
22477056
22489260
22489714
22489809
22490074
22490157
22490360
22490425
22491240
22493614
22493678
22493737
22493771
22493830
22493893
22493923
22494057
22494425
22494735
22495011
22495049
22495377
22495661
22496954
22497068
22498115
22498245
22498452
22498600
22499525
22500192
22502163
22502249
22502355
22503411
22503425
22503727
22505743
22506529
22506614
22508274
22508317
22508503
22508873
22509050
22509650
22512048
22513270
22513460
22513751
22514124
22514873
22515732
22515851
22516310
22516658
22517022
22517092
22517247
22517496
22518948
22519104
22519232
22519477
22519783
22519848
22519941
22519981
22520163
22521205
22521812
22521951
22522071
22522241
22522318
22522679
22523190
22523852
22524371
22524387
22524941
22532198
22532362
22532386
22533224
22533314
22533677
22533699
22534173
22534450
22534506
22535003
22541701
22541854
22541893
22543181
22545099
22552047
22552279
22552436
22553818
22553893
22554265
22554790
22555810
22556277
22556448
22556519
22557372
22558419
22558965
22559425
22559517
22559686
22559998
22560097
22560484
22560623
22560980
22561164
22561525
22561683
22562190
22563657
22566257
22566376
22566402
22566621
22567407
22567449
22567578
22568534
22568594
22568624
22569136
22569185
22569275
22569281
22569414
22569429
22569435
22569564
22569692
22570647
22570788
22570897
22570926
22571045
22571895
22572311
22572451
22572962
22573070
22573379
22573528
22573645
22573663
22573896
22574257
22574568
22574778
22575165
22575654
22575776
22575942
22576006
22576013
22576086
22576224
22576666
22577193
22577253
22577486
22577873
22578178
22578427
22578723
22578831
22578864
22579486
22579691
22579969
22579987
22580387
22580393
22580823
22580862
22581487
22581616
22581757
22584362
22584381
22584584
22584609
22585307
22585615
22585820
22586559
22586746
22586992
22587191
22587810
22588211
22588232
22588677
22588713
22588834
22588945
22590087
22591083
22595820
22595929
22595948
22599863
22600081
22600760
22601066
22601093
22601482
22601874
22602110
22602327
22603758
22606321
22608916
22609418
22610045
22610109
22610156
22610201
22610382
22611084
22611119
22611132
22611140
22611147
22614027
22618940
22619052
22619083
22619170
22619808
22620001
22620096
22626980
22629737
22629820
22629935
22638754
22647925
22648211
22649490
22653198
22656924
22662272
22664828
22666060
22669820
22670081
22679288
22683041
22686686
22688199
22688339
22693264
22693356
22695762
22698612
22698662
22699819
22700078
22700483
22700681
22700695
22700802
22701747
22701858
22702003
22702163
22702174
22702274
22702324
22702461
22702532
22702577
22702656
22703060
22703606
22704210
22704940
22705241
22705248
22705279
22705325
22705423
22705634
22705662
22705756
22705914
22706343
22706352
22706414
22707104
22707286
22707529
22707693
22707850
22708041
22708213
22708237
22708468
22708662
22708746
22709128
22709418
22709537
22709594
22709647
22709909
22710058
22710563
22711381
22711506
22711730
22711851
22711868
22711923
22712010
22712107
22712217
22712282
22712325
22712473
22712920
22712988
22713113
22713381
22713445
22713469
22713498
22713621
22713862
22714264
22714389
22714555
22714614
22714626
22714758
22715432
22715459
22715463
22715534
22715556
22715786
22715845
22716173
22716341
22717261
22718173
22718259
22718672
22718703
22718878
22719002
22719027
22719179
22719283
22719556
22719698
22719960
22720996
22721085
22721309
22721431
22721469
22721497
22721594
22721839
22721853
22722193
22722222
22722235
22722279
22722390
22722566
22722659
22722910
22722948
22722977
22723501
22723511
22723840
22723924
22724290
22724560
22724786
22725094
22725199
22725430
22725737
22726336
22726972
22727006
22727089
22727565
22728061
22728067
22728140
22728228
22728362
22728546
22728675
22728892
22728908
22730188
22730472
22730517
22730801
22731073
22731074
22731117
22731290
22731418
22731539
22731699
22731724
22732310
22732733
22733400
22733531
22733670
22733865
22733869
22733949
22734411
22734536
22734628
22734765
22734769
22734893
22734987
22735037
22735080
22735203
22736563
22736609
22736834
22737386
22737475
22738002
22738036
22738056
22738101
22738457
22738713
22738766
22738852
22738866
22738943
22739158
22739198
22739461
22739511
22739750
22739797
22740486
22740512
22740635
22740686
22740945
22741052
22741365
22742649
22742909
22743026
22743114
22743429
22744022
22744470
22744732
22744775
22744871
22744917
22745000
22745460
22745567
22745575
22745979
22746511
22747039
22747116
22747240
22747439
22747527
22747738
22748988
22749259
22749429
22749641
22751161
22751288
22751298
22751378
22757700
22757725
22760290
22760334
22760432
22763650
22763694
22763794
22764061
22766620
22766694
22769960
22770358
22770370
22771634
22772804
22772855
22772946
22775337
22778967
22780160
22780183
22780274
22781529
22781551
22781574
22785262
22794029
22797619
22798868
22798893
22798905
